16 1 end of 4th frame 0.7496440 0.7505543 0.7496122
16 1 end of 4th frame 0.7496440 0.7505543 0.7496122
average= 2.61816
n pairs= 17801
variance01= 0.0536607
std01= 0.231648
variance00= 1.9781e-05
std00= 0.00444759
